row_id,r,u,v,numerator,denominator_exp2,exact_fraction,way1_normalized_numerator
FQ113789,3,0x0000f000,0x01011110,24189255811072,48,"24189255811072/2^48","369098752"
FQ113790,3,0x0000f000,0x01011223,10995116277760,48,"10995116277760/2^48","167772160"
FQ113791,3,0x0000f000,0x01011332,8796093022208,48,"8796093022208/2^48","134217728"
FQ113792,3,0x0000f000,0x01011554,10995116277760,48,"10995116277760/2^48","167772160"
FQ113793,3,0x0000f000,0x01011776,-8796093022208,48,"-8796093022208/2^48","-134217728"
FQ113794,3,0x0000f000,0x01011998,-6597069766656,48,"-6597069766656/2^48","-100663296"
FQ113795,3,0x0000f000,0x01011aab,10995116277760,48,"10995116277760/2^48","167772160"
FQ113796,3,0x0000f000,0x01011bba,-13194139533312,48,"-13194139533312/2^48","-201326592"
FQ113797,3,0x0000f000,0x01011ddc,-15393162788864,48,"-15393162788864/2^48","-234881024"
FQ113798,3,0x0000f000,0x01011eef,-6597069766656,48,"-6597069766656/2^48","-100663296"
FQ113799,3,0x0000f000,0x01011ffe,8796093022208,48,"8796093022208/2^48","134217728"
FQ113800,3,0x0000f000,0x01012113,10995116277760,48,"10995116277760/2^48","167772160"
FQ113801,3,0x0000f000,0x01012557,10995116277760,48,"10995116277760/2^48","167772160"
FQ113802,3,0x0000f000,0x01012664,-6597069766656,48,"-6597069766656/2^48","-100663296"
FQ113803,3,0x0000f000,0x01012775,-6597069766656,48,"-6597069766656/2^48","-100663296"
FQ113804,3,0x0000f000,0x01013112,8796093022208,48,"8796093022208/2^48","134217728"
FQ113805,3,0x0000f000,0x01013556,8796093022208,48,"8796093022208/2^48","134217728"
FQ113806,3,0x0000f000,0x01013665,-6597069766656,48,"-6597069766656/2^48","-100663296"
FQ113807,3,0x0000f000,0x01013bb8,-6597069766656,48,"-6597069766656/2^48","-100663296"
FQ113808,3,0x0000f000,0x01014440,-8796093022208,48,"-8796093022208/2^48","-134217728"
FQ113809,3,0x0000f000,0x01015114,10995116277760,48,"10995116277760/2^48","167772160"
FQ113810,3,0x0000f000,0x01015227,10995116277760,48,"10995116277760/2^48","167772160"
FQ113811,3,0x0000f000,0x01015336,8796093022208,48,"8796093022208/2^48","134217728"
FQ113812,3,0x0000f000,0x01015550,24189255811072,48,"24189255811072/2^48","369098752"
FQ113813,3,0x0000f000,0x01015663,-6597069766656,48,"-6597069766656/2^48","-100663296"
FQ113814,3,0x0000f000,0x0101599c,15393162788864,48,"15393162788864/2^48","234881024"
FQ113815,3,0x0000f000,0x01015aaf,10995116277760,48,"10995116277760/2^48","167772160"
FQ113816,3,0x0000f000,0x01015bbe,-13194139533312,48,"-13194139533312/2^48","-201326592"
FQ113817,3,0x0000f000,0x01015dd8,6597069766656,48,"6597069766656/2^48","100663296"
FQ113818,3,0x0000f000,0x01015eeb,-10995116277760,48,"-10995116277760/2^48","-167772160"
FQ113819,3,0x0000f000,0x01016224,-6597069766656,48,"-6597069766656/2^48","-100663296"
FQ113820,3,0x0000f000,0x01016335,-6597069766656,48,"-6597069766656/2^48","-100663296"
FQ113821,3,0x0000f000,0x01016553,-6597069766656,48,"-6597069766656/2^48","-100663296"
FQ113822,3,0x0000f000,0x01016771,8796093022208,48,"8796093022208/2^48","134217728"
FQ113823,3,0x0000f000,0x01016aac,-6597069766656,48,"-6597069766656/2^48","-100663296"
FQ113824,3,0x0000f000,0x01016bbd,6597069766656,48,"6597069766656/2^48","100663296"
FQ113825,3,0x0000f000,0x01016ee8,8796093022208,48,"8796093022208/2^48","134217728"
FQ113826,3,0x0000f000,0x01016ff9,-8796093022208,48,"-8796093022208/2^48","-134217728"
FQ113827,3,0x0000f000,0x01017116,-8796093022208,48,"-8796093022208/2^48","-134217728"
FQ113828,3,0x0000f000,0x01017225,-6597069766656,48,"-6597069766656/2^48","-100663296"
FQ113829,3,0x0000f000,0x01017661,8796093022208,48,"8796093022208/2^48","134217728"
FQ113830,3,0x0000f000,0x01017770,6597069766656,48,"6597069766656/2^48","100663296"
FQ113831,3,0x0000f000,0x01017ee9,8796093022208,48,"8796093022208/2^48","134217728"
FQ113832,3,0x0000f000,0x01018880,8796093022208,48,"8796093022208/2^48","134217728"
FQ113833,3,0x0000f000,0x01019118,-6597069766656,48,"-6597069766656/2^48","-100663296"
FQ113834,3,0x0000f000,0x0101955c,15393162788864,48,"15393162788864/2^48","234881024"
FQ113835,3,0x0000f000,0x01019990,6597069766656,48,"6597069766656/2^48","100663296"
FQ113836,3,0x0000f000,0x01019dd4,6597069766656,48,"6597069766656/2^48","100663296"
FQ113837,3,0x0000f000,0x01019ee7,6597069766656,48,"6597069766656/2^48","100663296"
FQ113838,3,0x0000f000,0x0101a11b,10995116277760,48,"10995116277760/2^48","167772160"
FQ113839,3,0x0000f000,0x0101a55f,10995116277760,48,"10995116277760/2^48","167772160"
FQ113840,3,0x0000f000,0x0101a66c,-6597069766656,48,"-6597069766656/2^48","-100663296"
FQ113841,3,0x0000f000,0x0101aff5,6597069766656,48,"6597069766656/2^48","100663296"
FQ113842,3,0x0000f000,0x0101b11a,-13194139533312,48,"-13194139533312/2^48","-201326592"
FQ113843,3,0x0000f000,0x0101b338,-6597069766656,48,"-6597069766656/2^48","-100663296"
FQ113844,3,0x0000f000,0x0101b55e,-13194139533312,48,"-13194139533312/2^48","-201326592"
FQ113845,3,0x0000f000,0x0101b66d,6597069766656,48,"6597069766656/2^48","100663296"
FQ113846,3,0x0000f000,0x0101bbb0,-6597069766656,48,"-6597069766656/2^48","-100663296"
FQ113847,3,0x0000f000,0x0101bcc7,-8796093022208,48,"-8796093022208/2^48","-134217728"
FQ113848,3,0x0000f000,0x0101cbb7,-8796093022208,48,"-8796093022208/2^48","-134217728"
FQ113849,3,0x0000f000,0x0101ccc0,-8796093022208,48,"-8796093022208/2^48","-134217728"
FQ113850,3,0x0000f000,0x0101d11c,-15393162788864,48,"-15393162788864/2^48","-234881024"
FQ113851,3,0x0000f000,0x0101d558,6597069766656,48,"6597069766656/2^48","100663296"
FQ113852,3,0x0000f000,0x0101d994,6597069766656,48,"6597069766656/2^48","100663296"
FQ113853,3,0x0000f000,0x0101ddd0,6597069766656,48,"6597069766656/2^48","100663296"
FQ113854,3,0x0000f000,0x0101e11f,-6597069766656,48,"-6597069766656/2^48","-100663296"
FQ113855,3,0x0000f000,0x0101e55b,-10995116277760,48,"-10995116277760/2^48","-167772160"
FQ113856,3,0x0000f000,0x0101e668,8796093022208,48,"8796093022208/2^48","134217728"
FQ113857,3,0x0000f000,0x0101e779,8796093022208,48,"8796093022208/2^48","134217728"
FQ113858,3,0x0000f000,0x0101e997,6597069766656,48,"6597069766656/2^48","100663296"
FQ113859,3,0x0000f000,0x0101eff1,-8796093022208,48,"-8796093022208/2^48","-134217728"
FQ113860,3,0x0000f000,0x0101f11e,8796093022208,48,"8796093022208/2^48","134217728"
FQ113861,3,0x0000f000,0x0101f669,-8796093022208,48,"-8796093022208/2^48","-134217728"
FQ113862,3,0x0000f000,0x0101faa5,6597069766656,48,"6597069766656/2^48","100663296"
FQ113863,3,0x0000f000,0x0101fee1,-8796093022208,48,"-8796093022208/2^48","-134217728"
FQ113864,3,0x0000f000,0x0101fff0,6597069766656,48,"6597069766656/2^48","100663296"
FQ113865,3,0x0000f000,0x02021110,10995116277760,48,"10995116277760/2^48","167772160"
FQ113866,3,0x0000f000,0x02021554,10995116277760,48,"10995116277760/2^48","167772160"
FQ113867,3,0x0000f000,0x02021667,-6597069766656,48,"-6597069766656/2^48","-100663296"
FQ113868,3,0x0000f000,0x02021776,-6597069766656,48,"-6597069766656/2^48","-100663296"
FQ113869,3,0x0000f000,0x02022220,10995116277760,48,"10995116277760/2^48","167772160"
FQ113870,3,0x0000f000,0x02022331,-6597069766656,48,"-6597069766656/2^48","-100663296"
FQ113871,3,0x0000f000,0x02022aa8,15393162788864,48,"15393162788864/2^48","234881024"
FQ113872,3,0x0000f000,0x02023221,-6597069766656,48,"-6597069766656/2^48","-100663296"
FQ113873,3,0x0000f000,0x02023330,8796093022208,48,"8796093022208/2^48","134217728"
FQ113874,3,0x0000f000,0x02023aa9,-6597069766656,48,"-6597069766656/2^48","-100663296"
FQ113875,3,0x0000f000,0x02023bb8,-13194139533312,48,"-13194139533312/2^48","-201326592"
FQ113876,3,0x0000f000,0x02025114,10995116277760,48,"10995116277760/2^48","167772160"
FQ113877,3,0x0000f000,0x02025550,10995116277760,48,"10995116277760/2^48","167772160"
FQ113878,3,0x0000f000,0x02025663,-6597069766656,48,"-6597069766656/2^48","-100663296"
FQ113879,3,0x0000f000,0x02025772,-6597069766656,48,"-6597069766656/2^48","-100663296"
FQ113880,3,0x0000f000,0x02026117,-6597069766656,48,"-6597069766656/2^48","-100663296"
FQ113881,3,0x0000f000,0x02026553,-6597069766656,48,"-6597069766656/2^48","-100663296"
FQ113882,3,0x0000f000,0x02026cca,-8796093022208,48,"-8796093022208/2^48","-134217728"
FQ113883,3,0x0000f000,0x02027116,-6597069766656,48,"-6597069766656/2^48","-100663296"
FQ113884,3,0x0000f000,0x02027552,-6597069766656,48,"-6597069766656/2^48","-100663296"
FQ113885,3,0x0000f000,0x02027aad,-6597069766656,48,"-6597069766656/2^48","-100663296"
FQ113886,3,0x0000f000,0x02028880,-8796093022208,48,"-8796093022208/2^48","-134217728"
FQ113887,3,0x0000f000,0x02028ff7,-8796093022208,48,"-8796093022208/2^48","-134217728"
FQ113888,3,0x0000f000,0x0202a228,15393162788864,48,"15393162788864/2^48","234881024"
FQ113889,3,0x0000f000,0x0202a339,-6597069766656,48,"-6597069766656/2^48","-100663296"
FQ113890,3,0x0000f000,0x0202a77d,-6597069766656,48,"-6597069766656/2^48","-100663296"
FQ113891,3,0x0000f000,0x0202aaa0,10995116277760,48,"10995116277760/2^48","167772160"
FQ113892,3,0x0000f000,0x0202aee4,-6597069766656,48,"-6597069766656/2^48","-100663296"
FQ113893,3,0x0000f000,0x0202b338,-13194139533312,48,"-13194139533312/2^48","-201326592"
FQ113894,3,0x0000f000,0x0202bbb0,17592186044416,48,"17592186044416/2^48","268435456"
FQ113895,3,0x0000f000,0x0202bcc7,13194139533312,48,"13194139533312/2^48","201326592"
FQ113896,3,0x0000f000,0x0202c66a,-8796093022208,48,"-8796093022208/2^48","-134217728"
FQ113897,3,0x0000f000,0x0202cbb7,13194139533312,48,"13194139533312/2^48","201326592"
FQ113898,3,0x0000f000,0x0202cee2,8796093022208,48,"8796093022208/2^48","134217728"
FQ113899,3,0x0000f000,0x0202eaa4,-6597069766656,48,"-6597069766656/2^48","-100663296"
FQ113900,3,0x0000f000,0x0202ecc2,8796093022208,48,"8796093022208/2^48","134217728"
FQ113901,3,0x0000f000,0x0202f887,-8796093022208,48,"-8796093022208/2^48","-134217728"
FQ113902,3,0x0000f000,0x03031110,8796093022208,48,"8796093022208/2^48","134217728"
FQ113903,3,0x0000f000,0x03031554,8796093022208,48,"8796093022208/2^48","134217728"
FQ113904,3,0x0000f000,0x03031667,-6597069766656,48,"-6597069766656/2^48","-100663296"
FQ113905,3,0x0000f000,0x03031bba,-6597069766656,48,"-6597069766656/2^48","-100663296"
FQ113906,3,0x0000f000,0x03032220,-6597069766656,48,"-6597069766656/2^48","-100663296"
FQ113907,3,0x0000f000,0x03032331,8796093022208,48,"8796093022208/2^48","134217728"
FQ113908,3,0x0000f000,0x03032aa8,-6597069766656,48,"-6597069766656/2^48","-100663296"
FQ113909,3,0x0000f000,0x03032bb9,-13194139533312,48,"-13194139533312/2^48","-201326592"
FQ113910,3,0x0000f000,0x03033221,8796093022208,48,"8796093022208/2^48","134217728"
FQ113911,3,0x0000f000,0x03033330,-6597069766656,48,"-6597069766656/2^48","-100663296"
FQ113912,3,0x0000f000,0x03033556,6597069766656,48,"6597069766656/2^48","100663296"
FQ113913,3,0x0000f000,0x03033aa9,13194139533312,48,"13194139533312/2^48","201326592"
FQ113914,3,0x0000f000,0x03033bb8,6597069766656,48,"6597069766656/2^48","100663296"
FQ113915,3,0x0000f000,0x03033ffc,6597069766656,48,"6597069766656/2^48","100663296"
FQ113916,3,0x0000f000,0x03035114,8796093022208,48,"8796093022208/2^48","134217728"
FQ113917,3,0x0000f000,0x03035336,6597069766656,48,"6597069766656/2^48","100663296"
FQ113918,3,0x0000f000,0x03035550,8796093022208,48,"8796093022208/2^48","134217728"
FQ113919,3,0x0000f000,0x03035eeb,-6597069766656,48,"-6597069766656/2^48","-100663296"
FQ113920,3,0x0000f000,0x03036117,-6597069766656,48,"-6597069766656/2^48","-100663296"
FQ113921,3,0x0000f000,0x03036660,6597069766656,48,"6597069766656/2^48","100663296"
FQ113922,3,0x0000f000,0x03037ee9,6597069766656,48,"6597069766656/2^48","100663296"
FQ113923,3,0x0000f000,0x03038cc4,-8796093022208,48,"-8796093022208/2^48","-134217728"
FQ113924,3,0x0000f000,0x0303a228,-6597069766656,48,"-6597069766656/2^48","-100663296"
FQ113925,3,0x0000f000,0x0303a339,13194139533312,48,"13194139533312/2^48","201326592"
FQ113926,3,0x0000f000,0x0303aaa0,-6597069766656,48,"-6597069766656/2^48","-100663296"
FQ113927,3,0x0000f000,0x0303abb1,-8796093022208,48,"-8796093022208/2^48","-134217728"
FQ113928,3,0x0000f000,0x0303b11a,-6597069766656,48,"-6597069766656/2^48","-100663296"
FQ113929,3,0x0000f000,0x0303b229,-13194139533312,48,"-13194139533312/2^48","-201326592"
FQ113930,3,0x0000f000,0x0303b338,6597069766656,48,"6597069766656/2^48","100663296"
FQ113931,3,0x0000f000,0x0303baa1,-8796093022208,48,"-8796093022208/2^48","-134217728"
FQ113932,3,0x0000f000,0x0303bbb0,-6597069766656,48,"-6597069766656/2^48","-100663296"
FQ113933,3,0x0000f000,0x0303c884,-8796093022208,48,"-8796093022208/2^48","-134217728"
FQ113934,3,0x0000f000,0x0303e55b,-6597069766656,48,"-6597069766656/2^48","-100663296"
FQ113935,3,0x0000f000,0x0303e779,6597069766656,48,"6597069766656/2^48","100663296"
FQ113936,3,0x0000f000,0x0303f33c,6597069766656,48,"6597069766656/2^48","100663296"
FQ113937,3,0x0000f000,0x04041445,-8796093022208,48,"-8796093022208/2^48","-134217728"
FQ113938,3,0x0000f000,0x04044115,-8796093022208,48,"-8796093022208/2^48","-134217728"
FQ113939,3,0x0000f000,0x04044551,8796093022208,48,"8796093022208/2^48","134217728"
FQ113940,3,0x0000f000,0x04044662,8796093022208,48,"8796093022208/2^48","134217728"
FQ113941,3,0x0000f000,0x04044773,-8796093022208,48,"-8796093022208/2^48","-134217728"
FQ113942,3,0x0000f000,0x0404499d,-8796093022208,48,"-8796093022208/2^48","-134217728"
FQ113943,3,0x0000f000,0x04044dd9,-8796093022208,48,"-8796093022208/2^48","-134217728"
FQ113944,3,0x0000f000,0x04044eea,8796093022208,48,"8796093022208/2^48","134217728"
FQ113945,3,0x0000f000,0x04044ffb,8796093022208,48,"8796093022208/2^48","134217728"
FQ113946,3,0x0000f000,0x04045441,8796093022208,48,"8796093022208/2^48","134217728"
FQ113947,3,0x0000f000,0x04046442,8796093022208,48,"8796093022208/2^48","134217728"
FQ113948,3,0x0000f000,0x04046660,8796093022208,48,"8796093022208/2^48","134217728"
FQ113949,3,0x0000f000,0x04047443,-8796093022208,48,"-8796093022208/2^48","-134217728"
FQ113950,3,0x0000f000,0x0404944d,-8796093022208,48,"-8796093022208/2^48","-134217728"
FQ113951,3,0x0000f000,0x0404d449,-8796093022208,48,"-8796093022208/2^48","-134217728"
FQ113952,3,0x0000f000,0x0404e44a,8796093022208,48,"8796093022208/2^48","134217728"
FQ113953,3,0x0000f000,0x0404eee0,-8796093022208,48,"-8796093022208/2^48","-134217728"
FQ113954,3,0x0000f000,0x0404f44b,8796093022208,48,"8796093022208/2^48","134217728"
FQ113955,3,0x0000f000,0x05051110,10995116277760,48,"10995116277760/2^48","167772160"
FQ113956,3,0x0000f000,0x05051223,10995116277760,48,"10995116277760/2^48","167772160"
FQ113957,3,0x0000f000,0x05051332,8796093022208,48,"8796093022208/2^48","134217728"
FQ113958,3,0x0000f000,0x05051554,24189255811072,48,"24189255811072/2^48","369098752"
FQ113959,3,0x0000f000,0x05051667,-6597069766656,48,"-6597069766656/2^48","-100663296"
FQ113960,3,0x0000f000,0x05051998,15393162788864,48,"15393162788864/2^48","234881024"
FQ113961,3,0x0000f000,0x05051aab,10995116277760,48,"10995116277760/2^48","167772160"
FQ113962,3,0x0000f000,0x05051bba,-13194139533312,48,"-13194139533312/2^48","-201326592"
FQ113963,3,0x0000f000,0x05051ddc,6597069766656,48,"6597069766656/2^48","100663296"
FQ113964,3,0x0000f000,0x05051eef,-10995116277760,48,"-10995116277760/2^48","-167772160"
FQ113965,3,0x0000f000,0x05052113,10995116277760,48,"10995116277760/2^48","167772160"
FQ113966,3,0x0000f000,0x05052557,10995116277760,48,"10995116277760/2^48","167772160"
FQ113967,3,0x0000f000,0x05052664,-6597069766656,48,"-6597069766656/2^48","-100663296"
FQ113968,3,0x0000f000,0x05052775,-6597069766656,48,"-6597069766656/2^48","-100663296"
FQ113969,3,0x0000f000,0x05053112,8796093022208,48,"8796093022208/2^48","134217728"
FQ113970,3,0x0000f000,0x05053330,6597069766656,48,"6597069766656/2^48","100663296"
FQ113971,3,0x0000f000,0x05053556,8796093022208,48,"8796093022208/2^48","134217728"
FQ113972,3,0x0000f000,0x05053eed,-6597069766656,48,"-6597069766656/2^48","-100663296"
FQ113973,3,0x0000f000,0x05054440,8796093022208,48,"8796093022208/2^48","134217728"
FQ113974,3,0x0000f000,0x05055114,24189255811072,48,"24189255811072/2^48","369098752"
FQ113975,3,0x0000f000,0x05055227,10995116277760,48,"10995116277760/2^48","167772160"
FQ113976,3,0x0000f000,0x05055336,8796093022208,48,"8796093022208/2^48","134217728"
FQ113977,3,0x0000f000,0x05055550,10995116277760,48,"10995116277760/2^48","167772160"
FQ113978,3,0x0000f000,0x05055772,-8796093022208,48,"-8796093022208/2^48","-134217728"
FQ113979,3,0x0000f000,0x0505599c,-6597069766656,48,"-6597069766656/2^48","-100663296"
FQ113980,3,0x0000f000,0x05055aaf,10995116277760,48,"10995116277760/2^48","167772160"
FQ113981,3,0x0000f000,0x05055bbe,-13194139533312,48,"-13194139533312/2^48","-201326592"
FQ113982,3,0x0000f000,0x05055dd8,-15393162788864,48,"-15393162788864/2^48","-234881024"
FQ113983,3,0x0000f000,0x05055eeb,-6597069766656,48,"-6597069766656/2^48","-100663296"
FQ113984,3,0x0000f000,0x05055ffa,8796093022208,48,"8796093022208/2^48","134217728"
FQ113985,3,0x0000f000,0x05056117,-6597069766656,48,"-6597069766656/2^48","-100663296"
FQ113986,3,0x0000f000,0x05056224,-6597069766656,48,"-6597069766656/2^48","-100663296"
FQ113987,3,0x0000f000,0x05056660,8796093022208,48,"8796093022208/2^48","134217728"
FQ113988,3,0x0000f000,0x05056aac,-6597069766656,48,"-6597069766656/2^48","-100663296"
FQ113989,3,0x0000f000,0x05056bbd,10995116277760,48,"10995116277760/2^48","167772160"
FQ113990,3,0x0000f000,0x05056ee8,8796093022208,48,"8796093022208/2^48","134217728"
FQ113991,3,0x0000f000,0x05057225,-6597069766656,48,"-6597069766656/2^48","-100663296"
FQ113992,3,0x0000f000,0x05057552,-8796093022208,48,"-8796093022208/2^48","-134217728"
FQ113993,3,0x0000f000,0x05057770,10995116277760,48,"10995116277760/2^48","167772160"
FQ113994,3,0x0000f000,0x05057ff8,-6597069766656,48,"-6597069766656/2^48","-100663296"
FQ113995,3,0x0000f000,0x05058880,8796093022208,48,"8796093022208/2^48","134217728"
FQ113996,3,0x0000f000,0x05059118,15393162788864,48,"15393162788864/2^48","234881024"
FQ113997,3,0x0000f000,0x0505955c,-6597069766656,48,"-6597069766656/2^48","-100663296"
FQ113998,3,0x0000f000,0x05059990,-6597069766656,48,"-6597069766656/2^48","-100663296"
FQ113999,3,0x0000f000,0x05059dd4,-6597069766656,48,"-6597069766656/2^48","-100663296"
FQ114000,3,0x0000f000,0x0505a11b,10995116277760,48,"10995116277760/2^48","167772160"
FQ114001,3,0x0000f000,0x0505a55f,10995116277760,48,"10995116277760/2^48","167772160"
FQ114002,3,0x0000f000,0x0505a66c,-6597069766656,48,"-6597069766656/2^48","-100663296"
FQ114003,3,0x0000f000,0x0505aff5,6597069766656,48,"6597069766656/2^48","100663296"
FQ114004,3,0x0000f000,0x0505b11a,-13194139533312,48,"-13194139533312/2^48","-201326592"
FQ114005,3,0x0000f000,0x0505b55e,-13194139533312,48,"-13194139533312/2^48","-201326592"
FQ114006,3,0x0000f000,0x0505b66d,10995116277760,48,"10995116277760/2^48","167772160"
FQ114007,3,0x0000f000,0x0505bcc7,-8796093022208,48,"-8796093022208/2^48","-134217728"
FQ114008,3,0x0000f000,0x0505cbb7,-8796093022208,48,"-8796093022208/2^48","-134217728"
FQ114009,3,0x0000f000,0x0505ccc0,-8796093022208,48,"-8796093022208/2^48","-134217728"
FQ114010,3,0x0000f000,0x0505d11c,6597069766656,48,"6597069766656/2^48","100663296"
FQ114011,3,0x0000f000,0x0505d558,-15393162788864,48,"-15393162788864/2^48","-234881024"
FQ114012,3,0x0000f000,0x0505d994,-6597069766656,48,"-6597069766656/2^48","-100663296"
FQ114013,3,0x0000f000,0x0505ddd0,-6597069766656,48,"-6597069766656/2^48","-100663296"
FQ114014,3,0x0000f000,0x0505dee3,-6597069766656,48,"-6597069766656/2^48","-100663296"
FQ114015,3,0x0000f000,0x0505e11f,-10995116277760,48,"-10995116277760/2^48","-167772160"
FQ114016,3,0x0000f000,0x0505e33d,-6597069766656,48,"-6597069766656/2^48","-100663296"
FQ114017,3,0x0000f000,0x0505e55b,-6597069766656,48,"-6597069766656/2^48","-100663296"
FQ114018,3,0x0000f000,0x0505e668,8796093022208,48,"8796093022208/2^48","134217728"
FQ114019,3,0x0000f000,0x0505edd3,-6597069766656,48,"-6597069766656/2^48","-100663296"
FQ114020,3,0x0000f000,0x0505eee0,8796093022208,48,"8796093022208/2^48","134217728"
FQ114021,3,0x0000f000,0x0505f55a,8796093022208,48,"8796093022208/2^48","134217728"
FQ114022,3,0x0000f000,0x0505f778,-6597069766656,48,"-6597069766656/2^48","-100663296"
FQ114023,3,0x0000f000,0x0505faa5,6597069766656,48,"6597069766656/2^48","100663296"
FQ114024,3,0x0000f000,0x0505fff0,10995116277760,48,"10995116277760/2^48","167772160"
FQ114025,3,0x0000f000,0x06061223,-6597069766656,48,"-6597069766656/2^48","-100663296"
FQ114026,3,0x0000f000,0x06061332,-6597069766656,48,"-6597069766656/2^48","-100663296"
FQ114027,3,0x0000f000,0x06061554,-6597069766656,48,"-6597069766656/2^48","-100663296"
FQ114028,3,0x0000f000,0x06061776,8796093022208,48,"8796093022208/2^48","134217728"
FQ114029,3,0x0000f000,0x06061aab,-6597069766656,48,"-6597069766656/2^48","-100663296"
FQ114030,3,0x0000f000,0x06061bba,6597069766656,48,"6597069766656/2^48","100663296"
FQ114031,3,0x0000f000,0x06061eef,8796093022208,48,"8796093022208/2^48","134217728"
FQ114032,3,0x0000f000,0x06061ffe,-8796093022208,48,"-8796093022208/2^48","-134217728"
FQ114033,3,0x0000f000,0x06062113,-6597069766656,48,"-6597069766656/2^48","-100663296"
FQ114034,3,0x0000f000,0x06062557,-6597069766656,48,"-6597069766656/2^48","-100663296"
FQ114035,3,0x0000f000,0x06062cce,-8796093022208,48,"-8796093022208/2^48","-134217728"
FQ114036,3,0x0000f000,0x06063112,-6597069766656,48,"-6597069766656/2^48","-100663296"
FQ114037,3,0x0000f000,0x06063665,6597069766656,48,"6597069766656/2^48","100663296"
FQ114038,3,0x0000f000,0x06064440,8796093022208,48,"8796093022208/2^48","134217728"
FQ114039,3,0x0000f000,0x06064662,8796093022208,48,"8796093022208/2^48","134217728"
FQ114040,3,0x0000f000,0x06065114,-6597069766656,48,"-6597069766656/2^48","-100663296"
FQ114041,3,0x0000f000,0x06065227,-6597069766656,48,"-6597069766656/2^48","-100663296"
FQ114042,3,0x0000f000,0x06065663,8796093022208,48,"8796093022208/2^48","134217728"
FQ114043,3,0x0000f000,0x06065aaf,-6597069766656,48,"-6597069766656/2^48","-100663296"
FQ114044,3,0x0000f000,0x06065bbe,10995116277760,48,"10995116277760/2^48","167772160"
FQ114045,3,0x0000f000,0x06065eeb,8796093022208,48,"8796093022208/2^48","134217728"
FQ114046,3,0x0000f000,0x06066335,6597069766656,48,"6597069766656/2^48","100663296"
FQ114047,3,0x0000f000,0x06066442,8796093022208,48,"8796093022208/2^48","134217728"
FQ114048,3,0x0000f000,0x06066553,8796093022208,48,"8796093022208/2^48","134217728"
FQ114049,3,0x0000f000,0x06066660,10995116277760,48,"10995116277760/2^48","167772160"
FQ114050,3,0x0000f000,0x06066aac,6597069766656,48,"6597069766656/2^48","100663296"
FQ114051,3,0x0000f000,0x06066ddb,-8796093022208,48,"-8796093022208/2^48","-134217728"
FQ114052,3,0x0000f000,0x06066ff9,6597069766656,48,"6597069766656/2^48","100663296"
FQ114053,3,0x0000f000,0x06067116,8796093022208,48,"8796093022208/2^48","134217728"
FQ114054,3,0x0000f000,0x06067bbc,-6597069766656,48,"-6597069766656/2^48","-100663296"
FQ114055,3,0x0000f000,0x06068880,8796093022208,48,"8796093022208/2^48","134217728"
FQ114056,3,0x0000f000,0x06068cc4,8796093022208,48,"8796093022208/2^48","134217728"
FQ114057,3,0x0000f000,0x06069990,6597069766656,48,"6597069766656/2^48","100663296"
FQ114058,3,0x0000f000,0x06069bb2,-6597069766656,48,"-6597069766656/2^48","-100663296"
FQ114059,3,0x0000f000,0x0606a11b,-6597069766656,48,"-6597069766656/2^48","-100663296"
FQ114060,3,0x0000f000,0x0606a55f,-6597069766656,48,"-6597069766656/2^48","-100663296"
FQ114061,3,0x0000f000,0x0606a66c,6597069766656,48,"6597069766656/2^48","100663296"
FQ114062,3,0x0000f000,0x0606b11a,6597069766656,48,"6597069766656/2^48","100663296"
FQ114063,3,0x0000f000,0x0606b55e,10995116277760,48,"10995116277760/2^48","167772160"
FQ114064,3,0x0000f000,0x0606b77c,-6597069766656,48,"-6597069766656/2^48","-100663296"
FQ114065,3,0x0000f000,0x0606b992,-6597069766656,48,"-6597069766656/2^48","-100663296"
FQ114066,3,0x0000f000,0x0606bbb0,8796093022208,48,"8796093022208/2^48","134217728"
FQ114067,3,0x0000f000,0x0606bcc7,8796093022208,48,"8796093022208/2^48","134217728"
FQ114068,3,0x0000f000,0x0606c22e,-8796093022208,48,"-8796093022208/2^48","-134217728"
FQ114069,3,0x0000f000,0x0606c884,8796093022208,48,"8796093022208/2^48","134217728"
FQ114070,3,0x0000f000,0x0606cbb7,8796093022208,48,"8796093022208/2^48","134217728"
FQ114071,3,0x0000f000,0x0606ccc0,8796093022208,48,"8796093022208/2^48","134217728"
FQ114072,3,0x0000f000,0x0606d66b,-8796093022208,48,"-8796093022208/2^48","-134217728"
FQ114073,3,0x0000f000,0x0606ddd0,6597069766656,48,"6597069766656/2^48","100663296"
FQ114074,3,0x0000f000,0x0606e11f,8796093022208,48,"8796093022208/2^48","134217728"
FQ114075,3,0x0000f000,0x0606e55b,8796093022208,48,"8796093022208/2^48","134217728"
FQ114076,3,0x0000f000,0x0606f11e,-8796093022208,48,"-8796093022208/2^48","-134217728"
FQ114077,3,0x0000f000,0x0606f669,6597069766656,48,"6597069766656/2^48","100663296"
FQ114078,3,0x0000f000,0x07071110,-8796093022208,48,"-8796093022208/2^48","-134217728"
FQ114079,3,0x0000f000,0x07071223,-6597069766656,48,"-6597069766656/2^48","-100663296"
FQ114080,3,0x0000f000,0x07071667,8796093022208,48,"8796093022208/2^48","134217728"
FQ114081,3,0x0000f000,0x07071776,6597069766656,48,"6597069766656/2^48","100663296"
FQ114082,3,0x0000f000,0x07071eef,8796093022208,48,"8796093022208/2^48","134217728"
FQ114083,3,0x0000f000,0x07072113,-6597069766656,48,"-6597069766656/2^48","-100663296"
FQ114084,3,0x0000f000,0x07072557,-6597069766656,48,"-6597069766656/2^48","-100663296"
FQ114085,3,0x0000f000,0x07072aa8,-6597069766656,48,"-6597069766656/2^48","-100663296"
FQ114086,3,0x0000f000,0x07073eed,6597069766656,48,"6597069766656/2^48","100663296"
FQ114087,3,0x0000f000,0x07074440,-8796093022208,48,"-8796093022208/2^48","-134217728"
FQ114088,3,0x0000f000,0x07075227,-6597069766656,48,"-6597069766656/2^48","-100663296"
FQ114089,3,0x0000f000,0x07075550,-8796093022208,48,"-8796093022208/2^48","-134217728"
FQ114090,3,0x0000f000,0x07075772,10995116277760,48,"10995116277760/2^48","167772160"
FQ114091,3,0x0000f000,0x07075ffa,-6597069766656,48,"-6597069766656/2^48","-100663296"
FQ114092,3,0x0000f000,0x07076117,8796093022208,48,"8796093022208/2^48","134217728"
FQ114093,3,0x0000f000,0x07076bbd,-6597069766656,48,"-6597069766656/2^48","-100663296"
FQ114094,3,0x0000f000,0x07077116,6597069766656,48,"6597069766656/2^48","100663296"
FQ114095,3,0x0000f000,0x07077552,10995116277760,48,"10995116277760/2^48","167772160"
FQ114096,3,0x0000f000,0x07077770,6597069766656,48,"6597069766656/2^48","100663296"
FQ114097,3,0x0000f000,0x07077aad,8796093022208,48,"8796093022208/2^48","134217728"
FQ114098,3,0x0000f000,0x07077dda,-6597069766656,48,"-6597069766656/2^48","-100663296"
FQ114099,3,0x0000f000,0x07077ff8,6597069766656,48,"6597069766656/2^48","100663296"
FQ114100,3,0x0000f000,0x07078880,17592186044416,48,"17592186044416/2^48","268435456"
FQ114101,3,0x0000f000,0x0707a228,-6597069766656,48,"-6597069766656/2^48","-100663296"
FQ114102,3,0x0000f000,0x0707a77d,8796093022208,48,"8796093022208/2^48","134217728"
FQ114103,3,0x0000f000,0x0707b66d,-6597069766656,48,"-6597069766656/2^48","-100663296"
FQ114104,3,0x0000f000,0x0707ccc0,8796093022208,48,"8796093022208/2^48","134217728"
FQ114105,3,0x0000f000,0x0707d77a,-6597069766656,48,"-6597069766656/2^48","-100663296"
FQ114106,3,0x0000f000,0x0707e11f,8796093022208,48,"8796093022208/2^48","134217728"
FQ114107,3,0x0000f000,0x0707e33d,6597069766656,48,"6597069766656/2^48","100663296"
FQ114108,3,0x0000f000,0x0707f55a,-6597069766656,48,"-6597069766656/2^48","-100663296"
FQ114109,3,0x0000f000,0x0707f778,6597069766656,48,"6597069766656/2^48","100663296"
FQ114110,3,0x0000f000,0x08081889,8796093022208,48,"8796093022208/2^48","134217728"
FQ114111,3,0x0000f000,0x0808288a,-8796093022208,48,"-8796093022208/2^48","-134217728"
FQ114112,3,0x0000f000,0x08082ffd,-8796093022208,48,"-8796093022208/2^48","-134217728"
FQ114113,3,0x0000f000,0x08083ccf,-8796093022208,48,"-8796093022208/2^48","-134217728"
FQ114114,3,0x0000f000,0x0808588d,8796093022208,48,"8796093022208/2^48","134217728"
FQ114115,3,0x0000f000,0x0808688e,8796093022208,48,"8796093022208/2^48","134217728"
FQ114116,3,0x0000f000,0x08086cca,8796093022208,48,"8796093022208/2^48","134217728"
FQ114117,3,0x0000f000,0x0808788f,17592186044416,48,"17592186044416/2^48","268435456"
FQ114118,3,0x0000f000,0x08088119,8796093022208,48,"8796093022208/2^48","134217728"
FQ114119,3,0x0000f000,0x0808822a,-8796093022208,48,"-8796093022208/2^48","-134217728"
FQ114120,3,0x0000f000,0x0808855d,8796093022208,48,"8796093022208/2^48","134217728"
FQ114121,3,0x0000f000,0x0808866e,8796093022208,48,"8796093022208/2^48","134217728"
FQ114122,3,0x0000f000,0x0808877f,17592186044416,48,"17592186044416/2^48","268435456"
FQ114123,3,0x0000f000,0x08088880,17592186044416,48,"17592186044416/2^48","268435456"
FQ114124,3,0x0000f000,0x08088991,8796093022208,48,"8796093022208/2^48","134217728"
FQ114125,3,0x0000f000,0x08088aa2,8796093022208,48,"8796093022208/2^48","134217728"
FQ114126,3,0x0000f000,0x08088dd5,-8796093022208,48,"-8796093022208/2^48","-134217728"
FQ114127,3,0x0000f000,0x08088ee6,8796093022208,48,"8796093022208/2^48","134217728"
FQ114128,3,0x0000f000,0x08089881,8796093022208,48,"8796093022208/2^48","134217728"
FQ114129,3,0x0000f000,0x0808a882,8796093022208,48,"8796093022208/2^48","134217728"
FQ114130,3,0x0000f000,0x0808aff5,8796093022208,48,"8796093022208/2^48","134217728"
FQ114131,3,0x0000f000,0x0808bcc7,-8796093022208,48,"-8796093022208/2^48","-134217728"
FQ114132,3,0x0000f000,0x0808c33f,-8796093022208,48,"-8796093022208/2^48","-134217728"
FQ114133,3,0x0000f000,0x0808c66a,8796093022208,48,"8796093022208/2^48","134217728"
FQ114134,3,0x0000f000,0x0808cbb7,-8796093022208,48,"-8796093022208/2^48","-134217728"
FQ114135,3,0x0000f000,0x0808ccc0,17592186044416,48,"17592186044416/2^48","268435456"
FQ114136,3,0x0000f000,0x0808cee2,-8796093022208,48,"-8796093022208/2^48","-134217728"
FQ114137,3,0x0000f000,0x0808d885,-8796093022208,48,"-8796093022208/2^48","-134217728"
FQ114138,3,0x0000f000,0x0808e886,8796093022208,48,"8796093022208/2^48","134217728"
FQ114139,3,0x0000f000,0x0808ecc2,-8796093022208,48,"-8796093022208/2^48","-134217728"
FQ114140,3,0x0000f000,0x0808f22d,-8796093022208,48,"-8796093022208/2^48","-134217728"
FQ114141,3,0x0000f000,0x0808faa5,8796093022208,48,"8796093022208/2^48","134217728"
FQ114142,3,0x0000f000,0x0808fff0,13194139533312,48,"13194139533312/2^48","201326592"
FQ114143,3,0x0000f000,0x09091110,-6597069766656,48,"-6597069766656/2^48","-100663296"
FQ114144,3,0x0000f000,0x09091554,15393162788864,48,"15393162788864/2^48","234881024"
FQ114145,3,0x0000f000,0x09091998,6597069766656,48,"6597069766656/2^48","100663296"
FQ114146,3,0x0000f000,0x09091ddc,6597069766656,48,"6597069766656/2^48","100663296"
FQ114147,3,0x0000f000,0x09091eef,6597069766656,48,"6597069766656/2^48","100663296"
FQ114148,3,0x0000f000,0x09094440,-8796093022208,48,"-8796093022208/2^48","-134217728"
FQ114149,3,0x0000f000,0x09095114,15393162788864,48,"15393162788864/2^48","234881024"
FQ114150,3,0x0000f000,0x09095550,-6597069766656,48,"-6597069766656/2^48","-100663296"
FQ114151,3,0x0000f000,0x0909599c,-6597069766656,48,"-6597069766656/2^48","-100663296"
FQ114152,3,0x0000f000,0x09095dd8,-6597069766656,48,"-6597069766656/2^48","-100663296"
FQ114153,3,0x0000f000,0x0909699f,6597069766656,48,"6597069766656/2^48","100663296"
FQ114154,3,0x0000f000,0x09096bbd,-6597069766656,48,"-6597069766656/2^48","-100663296"
FQ114155,3,0x0000f000,0x09098880,8796093022208,48,"8796093022208/2^48","134217728"
FQ114156,3,0x0000f000,0x09099118,6597069766656,48,"6597069766656/2^48","100663296"
FQ114157,3,0x0000f000,0x0909955c,-6597069766656,48,"-6597069766656/2^48","-100663296"
FQ114158,3,0x0000f000,0x0909966f,6597069766656,48,"6597069766656/2^48","100663296"
FQ114159,3,0x0000f000,0x09099990,-6597069766656,48,"-6597069766656/2^48","-100663296"
FQ114160,3,0x0000f000,0x09099dd4,-15393162788864,48,"-15393162788864/2^48","-234881024"
FQ114161,3,0x0000f000,0x0909b66d,-6597069766656,48,"-6597069766656/2^48","-100663296"
FQ114162,3,0x0000f000,0x0909bbb0,6597069766656,48,"6597069766656/2^48","100663296"
FQ114163,3,0x0000f000,0x0909bcc7,8796093022208,48,"8796093022208/2^48","134217728"
FQ114164,3,0x0000f000,0x0909bee5,6597069766656,48,"6597069766656/2^48","100663296"
FQ114165,3,0x0000f000,0x0909cbb7,8796093022208,48,"8796093022208/2^48","134217728"
FQ114166,3,0x0000f000,0x0909ccc0,8796093022208,48,"8796093022208/2^48","134217728"
FQ114167,3,0x0000f000,0x0909d11c,6597069766656,48,"6597069766656/2^48","100663296"
FQ114168,3,0x0000f000,0x0909d558,-6597069766656,48,"-6597069766656/2^48","-100663296"
FQ114169,3,0x0000f000,0x0909d994,-15393162788864,48,"-15393162788864/2^48","-234881024"
FQ114170,3,0x0000f000,0x0909ddd0,-6597069766656,48,"-6597069766656/2^48","-100663296"
FQ114171,3,0x0000f000,0x0909e11f,6597069766656,48,"6597069766656/2^48","100663296"
FQ114172,3,0x0000f000,0x0909ebb5,6597069766656,48,"6597069766656/2^48","100663296"
FQ114173,3,0x0000f000,0x0a0a1110,10995116277760,48,"10995116277760/2^48","167772160"
FQ114174,3,0x0000f000,0x0a0a1554,10995116277760,48,"10995116277760/2^48","167772160"
FQ114175,3,0x0000f000,0x0a0a1667,-6597069766656,48,"-6597069766656/2^48","-100663296"
FQ114176,3,0x0000f000,0x0a0a1ffe,6597069766656,48,"6597069766656/2^48","100663296"
FQ114177,3,0x0000f000,0x0a0a2220,15393162788864,48,"15393162788864/2^48","234881024"
FQ114178,3,0x0000f000,0x0a0a2331,-6597069766656,48,"-6597069766656/2^48","-100663296"
FQ114179,3,0x0000f000,0x0a0a2775,-6597069766656,48,"-6597069766656/2^48","-100663296"
FQ114180,3,0x0000f000,0x0a0a2aa8,10995116277760,48,"10995116277760/2^48","167772160"
FQ114181,3,0x0000f000,0x0a0a2eec,-6597069766656,48,"-6597069766656/2^48","-100663296"
FQ114182,3,0x0000f000,0x0a0a3221,-6597069766656,48,"-6597069766656/2^48","-100663296"
FQ114183,3,0x0000f000,0x0a0a3330,13194139533312,48,"13194139533312/2^48","201326592"
FQ114184,3,0x0000f000,0x0a0a3aa9,-6597069766656,48,"-6597069766656/2^48","-100663296"
FQ114185,3,0x0000f000,0x0a0a3bb8,-8796093022208,48,"-8796093022208/2^48","-134217728"
FQ114186,3,0x0000f000,0x0a0a5114,10995116277760,48,"10995116277760/2^48","167772160"
FQ114187,3,0x0000f000,0x0a0a5550,10995116277760,48,"10995116277760/2^48","167772160"
FQ114188,3,0x0000f000,0x0a0a5663,-6597069766656,48,"-6597069766656/2^48","-100663296"
FQ114189,3,0x0000f000,0x0a0a5ffa,6597069766656,48,"6597069766656/2^48","100663296"
FQ114190,3,0x0000f000,0x0a0a6117,-6597069766656,48,"-6597069766656/2^48","-100663296"
FQ114191,3,0x0000f000,0x0a0a6553,-6597069766656,48,"-6597069766656/2^48","-100663296"
FQ114192,3,0x0000f000,0x0a0a6660,6597069766656,48,"6597069766656/2^48","100663296"
FQ114193,3,0x0000f000,0x0a0a7225,-6597069766656,48,"-6597069766656/2^48","-100663296"
FQ114194,3,0x0000f000,0x0a0a7770,8796093022208,48,"8796093022208/2^48","134217728"
FQ114195,3,0x0000f000,0x0a0a8880,8796093022208,48,"8796093022208/2^48","134217728"
FQ114196,3,0x0000f000,0x0a0a8ff7,8796093022208,48,"8796093022208/2^48","134217728"
FQ114197,3,0x0000f000,0x0a0aa228,10995116277760,48,"10995116277760/2^48","167772160"
FQ114198,3,0x0000f000,0x0a0aa339,-6597069766656,48,"-6597069766656/2^48","-100663296"
FQ114199,3,0x0000f000,0x0a0aaaa0,15393162788864,48,"15393162788864/2^48","234881024"
FQ114200,3,0x0000f000,0x0a0ab338,-8796093022208,48,"-8796093022208/2^48","-134217728"
FQ114201,3,0x0000f000,0x0a0abbb0,21990232555520,48,"21990232555520/2^48","335544320"
FQ114202,3,0x0000f000,0x0a0abee5,8796093022208,48,"8796093022208/2^48","134217728"
FQ114203,3,0x0000f000,0x0a0accc0,17592186044416,48,"17592186044416/2^48","268435456"
FQ114204,3,0x0000f000,0x0a0ae22c,-6597069766656,48,"-6597069766656/2^48","-100663296"
FQ114205,3,0x0000f000,0x0a0aebb5,8796093022208,48,"8796093022208/2^48","134217728"
FQ114206,3,0x0000f000,0x0a0aeee0,6597069766656,48,"6597069766656/2^48","100663296"
FQ114207,3,0x0000f000,0x0a0af11e,6597069766656,48,"6597069766656/2^48","100663296"
FQ114208,3,0x0000f000,0x0a0af55a,6597069766656,48,"6597069766656/2^48","100663296"
FQ114209,3,0x0000f000,0x0a0af887,8796093022208,48,"8796093022208/2^48","134217728"
FQ114210,3,0x0000f000,0x0b0b1110,-13194139533312,48,"-13194139533312/2^48","-201326592"
FQ114211,3,0x0000f000,0x0b0b1332,-6597069766656,48,"-6597069766656/2^48","-100663296"
FQ114212,3,0x0000f000,0x0b0b1554,-13194139533312,48,"-13194139533312/2^48","-201326592"
FQ114213,3,0x0000f000,0x0b0b1667,6597069766656,48,"6597069766656/2^48","100663296"
FQ114214,3,0x0000f000,0x0b0b1bba,-6597069766656,48,"-6597069766656/2^48","-100663296"
FQ114215,3,0x0000f000,0x0b0b1ccd,-8796093022208,48,"-8796093022208/2^48","-134217728"
FQ114216,3,0x0000f000,0x0b0b2331,-13194139533312,48,"-13194139533312/2^48","-201326592"
FQ114217,3,0x0000f000,0x0b0b2bb9,17592186044416,48,"17592186044416/2^48","268435456"
FQ114218,3,0x0000f000,0x0b0b2cce,13194139533312,48,"13194139533312/2^48","201326592"
FQ114219,3,0x0000f000,0x0b0b3112,-6597069766656,48,"-6597069766656/2^48","-100663296"
FQ114220,3,0x0000f000,0x0b0b3221,-13194139533312,48,"-13194139533312/2^48","-201326592"
FQ114221,3,0x0000f000,0x0b0b3330,6597069766656,48,"6597069766656/2^48","100663296"
FQ114222,3,0x0000f000,0x0b0b3aa9,-8796093022208,48,"-8796093022208/2^48","-134217728"
FQ114223,3,0x0000f000,0x0b0b3bb8,-6597069766656,48,"-6597069766656/2^48","-100663296"
FQ114224,3,0x0000f000,0x0b0b5114,-13194139533312,48,"-13194139533312/2^48","-201326592"
FQ114225,3,0x0000f000,0x0b0b5550,-13194139533312,48,"-13194139533312/2^48","-201326592"
FQ114226,3,0x0000f000,0x0b0b5663,10995116277760,48,"10995116277760/2^48","167772160"
FQ114227,3,0x0000f000,0x0b0b5cc9,-8796093022208,48,"-8796093022208/2^48","-134217728"
FQ114228,3,0x0000f000,0x0b0b6117,6597069766656,48,"6597069766656/2^48","100663296"
FQ114229,3,0x0000f000,0x0b0b6553,10995116277760,48,"10995116277760/2^48","167772160"
FQ114230,3,0x0000f000,0x0b0b6771,-6597069766656,48,"-6597069766656/2^48","-100663296"
FQ114231,3,0x0000f000,0x0b0b699f,-6597069766656,48,"-6597069766656/2^48","-100663296"
FQ114232,3,0x0000f000,0x0b0b6bbd,8796093022208,48,"8796093022208/2^48","134217728"
FQ114233,3,0x0000f000,0x0b0b6cca,8796093022208,48,"8796093022208/2^48","134217728"
FQ114234,3,0x0000f000,0x0b0b7661,-6597069766656,48,"-6597069766656/2^48","-100663296"
FQ114235,3,0x0000f000,0x0b0b8cc4,-8796093022208,48,"-8796093022208/2^48","-134217728"
FQ114236,3,0x0000f000,0x0b0b966f,-6597069766656,48,"-6597069766656/2^48","-100663296"
FQ114237,3,0x0000f000,0x0b0b9bb2,6597069766656,48,"6597069766656/2^48","100663296"
FQ114238,3,0x0000f000,0x0b0b9cc5,8796093022208,48,"8796093022208/2^48","134217728"
FQ114239,3,0x0000f000,0x0b0b9ee7,6597069766656,48,"6597069766656/2^48","100663296"
FQ114240,3,0x0000f000,0x0b0ba339,-8796093022208,48,"-8796093022208/2^48","-134217728"
FQ114241,3,0x0000f000,0x0b0babb1,21990232555520,48,"21990232555520/2^48","335544320"
FQ114242,3,0x0000f000,0x0b0baee4,8796093022208,48,"8796093022208/2^48","134217728"
FQ114243,3,0x0000f000,0x0b0bb11a,-6597069766656,48,"-6597069766656/2^48","-100663296"
FQ114244,3,0x0000f000,0x0b0bb229,17592186044416,48,"17592186044416/2^48","268435456"
FQ114245,3,0x0000f000,0x0b0bb338,-6597069766656,48,"-6597069766656/2^48","-100663296"
FQ114246,3,0x0000f000,0x0b0bb66d,8796093022208,48,"8796093022208/2^48","134217728"
FQ114247,3,0x0000f000,0x0b0bb992,6597069766656,48,"6597069766656/2^48","100663296"
FQ114248,3,0x0000f000,0x0b0bbaa1,21990232555520,48,"21990232555520/2^48","335544320"
FQ114249,3,0x0000f000,0x0b0bbbb0,-10995116277760,48,"-10995116277760/2^48","-167772160"
FQ114250,3,0x0000f000,0x0b0bbcc7,-17592186044416,48,"-17592186044416/2^48","-268435456"
FQ114251,3,0x0000f000,0x0b0bbdd6,-10995116277760,48,"-10995116277760/2^48","-167772160"
FQ114252,3,0x0000f000,0x0b0bbee5,-8796093022208,48,"-8796093022208/2^48","-134217728"
FQ114253,3,0x0000f000,0x0b0bbff4,6597069766656,48,"6597069766656/2^48","100663296"
FQ114254,3,0x0000f000,0x0b0bc11d,-8796093022208,48,"-8796093022208/2^48","-134217728"
FQ114255,3,0x0000f000,0x0b0bc22e,13194139533312,48,"13194139533312/2^48","201326592"
FQ114256,3,0x0000f000,0x0b0bc559,-8796093022208,48,"-8796093022208/2^48","-134217728"
FQ114257,3,0x0000f000,0x0b0bc66a,8796093022208,48,"8796093022208/2^48","134217728"
FQ114258,3,0x0000f000,0x0b0bc884,-8796093022208,48,"-8796093022208/2^48","-134217728"
FQ114259,3,0x0000f000,0x0b0bc995,8796093022208,48,"8796093022208/2^48","134217728"
FQ114260,3,0x0000f000,0x0b0bcbb7,-17592186044416,48,"-17592186044416/2^48","-268435456"
FQ114261,3,0x0000f000,0x0b0bccc0,-17592186044416,48,"-17592186044416/2^48","-268435456"
FQ114262,3,0x0000f000,0x0b0bcdd1,-8796093022208,48,"-8796093022208/2^48","-134217728"
FQ114263,3,0x0000f000,0x0b0bcee2,-8796093022208,48,"-8796093022208/2^48","-134217728"
FQ114264,3,0x0000f000,0x0b0bdbb6,-10995116277760,48,"-10995116277760/2^48","-167772160"
FQ114265,3,0x0000f000,0x0b0bdcc1,-8796093022208,48,"-8796093022208/2^48","-134217728"
FQ114266,3,0x0000f000,0x0b0be997,6597069766656,48,"6597069766656/2^48","100663296"
FQ114267,3,0x0000f000,0x0b0beaa4,8796093022208,48,"8796093022208/2^48","134217728"
FQ114268,3,0x0000f000,0x0b0bebb5,-8796093022208,48,"-8796093022208/2^48","-134217728"
FQ114269,3,0x0000f000,0x0b0becc2,-8796093022208,48,"-8796093022208/2^48","-134217728"
FQ114270,3,0x0000f000,0x0b0beee0,-10995116277760,48,"-10995116277760/2^48","-167772160"
FQ114271,3,0x0000f000,0x0b0bfbb4,6597069766656,48,"6597069766656/2^48","100663296"
FQ114272,3,0x0000f000,0x0c0c1bba,-8796093022208,48,"-8796093022208/2^48","-134217728"
FQ114273,3,0x0000f000,0x0c0c1ccd,-8796093022208,48,"-8796093022208/2^48","-134217728"
FQ114274,3,0x0000f000,0x0c0c2664,-8796093022208,48,"-8796093022208/2^48","-134217728"
FQ114275,3,0x0000f000,0x0c0c2bb9,13194139533312,48,"13194139533312/2^48","201326592"
FQ114276,3,0x0000f000,0x0c0c2eec,8796093022208,48,"8796093022208/2^48","134217728"
FQ114277,3,0x0000f000,0x0c0c388b,-8796093022208,48,"-8796093022208/2^48","-134217728"
FQ114278,3,0x0000f000,0x0c0c5bbe,-8796093022208,48,"-8796093022208/2^48","-134217728"
FQ114279,3,0x0000f000,0x0c0c5cc9,-8796093022208,48,"-8796093022208/2^48","-134217728"
FQ114280,3,0x0000f000,0x0c0c6224,-8796093022208,48,"-8796093022208/2^48","-134217728"
FQ114281,3,0x0000f000,0x0c0c688e,8796093022208,48,"8796093022208/2^48","134217728"
FQ114282,3,0x0000f000,0x0c0c6bbd,8796093022208,48,"8796093022208/2^48","134217728"
FQ114283,3,0x0000f000,0x0c0c6cca,8796093022208,48,"8796093022208/2^48","134217728"
FQ114284,3,0x0000f000,0x0c0c7ccb,8796093022208,48,"8796093022208/2^48","134217728"
FQ114285,3,0x0000f000,0x0c0c833b,-8796093022208,48,"-8796093022208/2^48","-134217728"
FQ114286,3,0x0000f000,0x0c0c866e,8796093022208,48,"8796093022208/2^48","134217728"
FQ114287,3,0x0000f000,0x0c0c8bb3,-8796093022208,48,"-8796093022208/2^48","-134217728"
FQ114288,3,0x0000f000,0x0c0c8cc4,17592186044416,48,"17592186044416/2^48","268435456"
FQ114289,3,0x0000f000,0x0c0c8ee6,-8796093022208,48,"-8796093022208/2^48","-134217728"
FQ114290,3,0x0000f000,0x0c0c9bb2,8796093022208,48,"8796093022208/2^48","134217728"
FQ114291,3,0x0000f000,0x0c0c9cc5,8796093022208,48,"8796093022208/2^48","134217728"
FQ114292,3,0x0000f000,0x0c0cacc6,17592186044416,48,"17592186044416/2^48","268435456"
FQ114293,3,0x0000f000,0x0c0cb11a,-8796093022208,48,"-8796093022208/2^48","-134217728"
FQ114294,3,0x0000f000,0x0c0cb229,13194139533312,48,"13194139533312/2^48","201326592"
FQ114295,3,0x0000f000,0x0c0cb55e,-8796093022208,48,"-8796093022208/2^48","-134217728"
FQ114296,3,0x0000f000,0x0c0cb66d,8796093022208,48,"8796093022208/2^48","134217728"
FQ114297,3,0x0000f000,0x0c0cb883,-8796093022208,48,"-8796093022208/2^48","-134217728"
FQ114298,3,0x0000f000,0x0c0cb992,8796093022208,48,"8796093022208/2^48","134217728"
FQ114299,3,0x0000f000,0x0c0cbbb0,-17592186044416,48,"-17592186044416/2^48","-268435456"
FQ114300,3,0x0000f000,0x0c0cbcc7,-17592186044416,48,"-17592186044416/2^48","-268435456"
FQ114301,3,0x0000f000,0x0c0cbdd6,-8796093022208,48,"-8796093022208/2^48","-134217728"
FQ114302,3,0x0000f000,0x0c0cbee5,-8796093022208,48,"-8796093022208/2^48","-134217728"
FQ114303,3,0x0000f000,0x0c0cc11d,-8796093022208,48,"-8796093022208/2^48","-134217728"
FQ114304,3,0x0000f000,0x0c0cc559,-8796093022208,48,"-8796093022208/2^48","-134217728"
FQ114305,3,0x0000f000,0x0c0cc66a,8796093022208,48,"8796093022208/2^48","134217728"
FQ114306,3,0x0000f000,0x0c0cc77b,8796093022208,48,"8796093022208/2^48","134217728"
FQ114307,3,0x0000f000,0x0c0cc884,17592186044416,48,"17592186044416/2^48","268435456"
FQ114308,3,0x0000f000,0x0c0cc995,8796093022208,48,"8796093022208/2^48","134217728"
FQ114309,3,0x0000f000,0x0c0ccaa6,17592186044416,48,"17592186044416/2^48","268435456"
FQ114310,3,0x0000f000,0x0c0ccbb7,-17592186044416,48,"-17592186044416/2^48","-268435456"
FQ114311,3,0x0000f000,0x0c0cccc0,-17592186044416,48,"-17592186044416/2^48","-268435456"
FQ114312,3,0x0000f000,0x0c0ccdd1,-8796093022208,48,"-8796093022208/2^48","-134217728"
FQ114313,3,0x0000f000,0x0c0ccee2,-8796093022208,48,"-8796093022208/2^48","-134217728"
FQ114314,3,0x0000f000,0x0c0ccff3,8796093022208,48,"8796093022208/2^48","134217728"
FQ114315,3,0x0000f000,0x0c0cdbb6,-8796093022208,48,"-8796093022208/2^48","-134217728"
FQ114316,3,0x0000f000,0x0c0cdcc1,-8796093022208,48,"-8796093022208/2^48","-134217728"
FQ114317,3,0x0000f000,0x0c0ce22c,8796093022208,48,"8796093022208/2^48","134217728"
FQ114318,3,0x0000f000,0x0c0ce886,-8796093022208,48,"-8796093022208/2^48","-134217728"
FQ114319,3,0x0000f000,0x0c0cebb5,-8796093022208,48,"-8796093022208/2^48","-134217728"
FQ114320,3,0x0000f000,0x0c0cecc2,-8796093022208,48,"-8796093022208/2^48","-134217728"
FQ114321,3,0x0000f000,0x0c0cfcc3,8796093022208,48,"8796093022208/2^48","134217728"
FQ114322,3,0x0000f000,0x0d0d1110,-15393162788864,48,"-15393162788864/2^48","-234881024"
FQ114323,3,0x0000f000,0x0d0d1554,6597069766656,48,"6597069766656/2^48","100663296"
FQ114324,3,0x0000f000,0x0d0d1998,6597069766656,48,"6597069766656/2^48","100663296"
FQ114325,3,0x0000f000,0x0d0d1ddc,6597069766656,48,"6597069766656/2^48","100663296"
FQ114326,3,0x0000f000,0x0d0d4440,-8796093022208,48,"-8796093022208/2^48","-134217728"
FQ114327,3,0x0000f000,0x0d0d5114,6597069766656,48,"6597069766656/2^48","100663296"
FQ114328,3,0x0000f000,0x0d0d5550,-15393162788864,48,"-15393162788864/2^48","-234881024"
FQ114329,3,0x0000f000,0x0d0d599c,-6597069766656,48,"-6597069766656/2^48","-100663296"
FQ114330,3,0x0000f000,0x0d0d5dd8,-6597069766656,48,"-6597069766656/2^48","-100663296"
FQ114331,3,0x0000f000,0x0d0d5eeb,-6597069766656,48,"-6597069766656/2^48","-100663296"
FQ114332,3,0x0000f000,0x0d0d6660,-8796093022208,48,"-8796093022208/2^48","-134217728"
FQ114333,3,0x0000f000,0x0d0d6ddb,6597069766656,48,"6597069766656/2^48","100663296"
FQ114334,3,0x0000f000,0x0d0d7770,-6597069766656,48,"-6597069766656/2^48","-100663296"
FQ114335,3,0x0000f000,0x0d0d8880,-8796093022208,48,"-8796093022208/2^48","-134217728"
FQ114336,3,0x0000f000,0x0d0d9118,6597069766656,48,"6597069766656/2^48","100663296"
FQ114337,3,0x0000f000,0x0d0d955c,-6597069766656,48,"-6597069766656/2^48","-100663296"
FQ114338,3,0x0000f000,0x0d0d9990,-15393162788864,48,"-15393162788864/2^48","-234881024"
FQ114339,3,0x0000f000,0x0d0d9dd4,-6597069766656,48,"-6597069766656/2^48","-100663296"
FQ114340,3,0x0000f000,0x0d0dbbb0,-10995116277760,48,"-10995116277760/2^48","-167772160"
FQ114341,3,0x0000f000,0x0d0dbcc7,-8796093022208,48,"-8796093022208/2^48","-134217728"
FQ114342,3,0x0000f000,0x0d0dcbb7,-8796093022208,48,"-8796093022208/2^48","-134217728"
FQ114343,3,0x0000f000,0x0d0dccc0,-8796093022208,48,"-8796093022208/2^48","-134217728"
FQ114344,3,0x0000f000,0x0d0dd11c,6597069766656,48,"6597069766656/2^48","100663296"
FQ114345,3,0x0000f000,0x0d0dd558,-6597069766656,48,"-6597069766656/2^48","-100663296"
FQ114346,3,0x0000f000,0x0d0dd66b,6597069766656,48,"6597069766656/2^48","100663296"
FQ114347,3,0x0000f000,0x0d0dd994,-6597069766656,48,"-6597069766656/2^48","-100663296"
FQ114348,3,0x0000f000,0x0d0dddd0,-15393162788864,48,"-15393162788864/2^48","-234881024"
FQ114349,3,0x0000f000,0x0d0de55b,-6597069766656,48,"-6597069766656/2^48","-100663296"
FQ114350,3,0x0000f000,0x0d0deee0,-8796093022208,48,"-8796093022208/2^48","-134217728"
FQ114351,3,0x0000f000,0x0d0dfff0,-6597069766656,48,"-6597069766656/2^48","-100663296"
FQ114352,3,0x0000f000,0x0e0e1110,-6597069766656,48,"-6597069766656/2^48","-100663296"
FQ114353,3,0x0000f000,0x0e0e1554,-10995116277760,48,"-10995116277760/2^48","-167772160"
FQ114354,3,0x0000f000,0x0e0e1667,8796093022208,48,"8796093022208/2^48","134217728"
FQ114355,3,0x0000f000,0x0e0e1776,8796093022208,48,"8796093022208/2^48","134217728"
FQ114356,3,0x0000f000,0x0e0e1998,6597069766656,48,"6597069766656/2^48","100663296"
FQ114357,3,0x0000f000,0x0e0e1ffe,-8796093022208,48,"-8796093022208/2^48","-134217728"
FQ114358,3,0x0000f000,0x0e0e2aa8,-6597069766656,48,"-6597069766656/2^48","-100663296"
FQ114359,3,0x0000f000,0x0e0e2cce,8796093022208,48,"8796093022208/2^48","134217728"
FQ114360,3,0x0000f000,0x0e0e3556,-6597069766656,48,"-6597069766656/2^48","-100663296"
FQ114361,3,0x0000f000,0x0e0e3774,6597069766656,48,"6597069766656/2^48","100663296"
FQ114362,3,0x0000f000,0x0e0e4440,8796093022208,48,"8796093022208/2^48","134217728"
FQ114363,3,0x0000f000,0x0e0e4eea,-8796093022208,48,"-8796093022208/2^48","-134217728"
FQ114364,3,0x0000f000,0x0e0e5114,-10995116277760,48,"-10995116277760/2^48","-167772160"
FQ114365,3,0x0000f000,0x0e0e5336,-6597069766656,48,"-6597069766656/2^48","-100663296"
FQ114366,3,0x0000f000,0x0e0e5550,-6597069766656,48,"-6597069766656/2^48","-100663296"
FQ114367,3,0x0000f000,0x0e0e5663,8796093022208,48,"8796093022208/2^48","134217728"
FQ114368,3,0x0000f000,0x0e0e5dd8,-6597069766656,48,"-6597069766656/2^48","-100663296"
FQ114369,3,0x0000f000,0x0e0e5eeb,8796093022208,48,"8796093022208/2^48","134217728"
FQ114370,3,0x0000f000,0x0e0e6117,8796093022208,48,"8796093022208/2^48","134217728"
FQ114371,3,0x0000f000,0x0e0e6553,8796093022208,48,"8796093022208/2^48","134217728"
FQ114372,3,0x0000f000,0x0e0e7116,8796093022208,48,"8796093022208/2^48","134217728"
FQ114373,3,0x0000f000,0x0e0e7334,6597069766656,48,"6597069766656/2^48","100663296"
FQ114374,3,0x0000f000,0x0e0e8880,8796093022208,48,"8796093022208/2^48","134217728"
FQ114375,3,0x0000f000,0x0e0e8cc4,-8796093022208,48,"-8796093022208/2^48","-134217728"
FQ114376,3,0x0000f000,0x0e0e9118,6597069766656,48,"6597069766656/2^48","100663296"
FQ114377,3,0x0000f000,0x0e0e9bb2,6597069766656,48,"6597069766656/2^48","100663296"
FQ114378,3,0x0000f000,0x0e0ea228,-6597069766656,48,"-6597069766656/2^48","-100663296"
FQ114379,3,0x0000f000,0x0e0eabb1,8796093022208,48,"8796093022208/2^48","134217728"
FQ114380,3,0x0000f000,0x0e0eaee4,6597069766656,48,"6597069766656/2^48","100663296"
FQ114381,3,0x0000f000,0x0e0eb992,6597069766656,48,"6597069766656/2^48","100663296"
FQ114382,3,0x0000f000,0x0e0ebaa1,8796093022208,48,"8796093022208/2^48","134217728"
FQ114383,3,0x0000f000,0x0e0ebbb0,-8796093022208,48,"-8796093022208/2^48","-134217728"
FQ114384,3,0x0000f000,0x0e0ebcc7,-8796093022208,48,"-8796093022208/2^48","-134217728"
FQ114385,3,0x0000f000,0x0e0ebee5,-10995116277760,48,"-10995116277760/2^48","-167772160"
FQ114386,3,0x0000f000,0x0e0ec22e,8796093022208,48,"8796093022208/2^48","134217728"
FQ114387,3,0x0000f000,0x0e0ec884,-8796093022208,48,"-8796093022208/2^48","-134217728"
FQ114388,3,0x0000f000,0x0e0ecbb7,-8796093022208,48,"-8796093022208/2^48","-134217728"
FQ114389,3,0x0000f000,0x0e0eccc0,-8796093022208,48,"-8796093022208/2^48","-134217728"
FQ114390,3,0x0000f000,0x0e0ed558,-6597069766656,48,"-6597069766656/2^48","-100663296"
FQ114391,3,0x0000f000,0x0e0edee3,-8796093022208,48,"-8796093022208/2^48","-134217728"
FQ114392,3,0x0000f000,0x0e0ee44a,-8796093022208,48,"-8796093022208/2^48","-134217728"
FQ114393,3,0x0000f000,0x0e0ee55b,8796093022208,48,"8796093022208/2^48","134217728"
FQ114394,3,0x0000f000,0x0e0eeaa4,6597069766656,48,"6597069766656/2^48","100663296"
FQ114395,3,0x0000f000,0x0e0eebb5,-10995116277760,48,"-10995116277760/2^48","-167772160"
FQ114396,3,0x0000f000,0x0e0eedd3,-8796093022208,48,"-8796093022208/2^48","-134217728"
FQ114397,3,0x0000f000,0x0e0eeee0,6597069766656,48,"6597069766656/2^48","100663296"
FQ114398,3,0x0000f000,0x0e0eeff1,6597069766656,48,"6597069766656/2^48","100663296"
FQ114399,3,0x0000f000,0x0e0ef11e,-8796093022208,48,"-8796093022208/2^48","-134217728"
FQ114400,3,0x0000f000,0x0e0efee1,6597069766656,48,"6597069766656/2^48","100663296"
FQ114401,3,0x0000f000,0x0f0f1110,8796093022208,48,"8796093022208/2^48","134217728"
FQ114402,3,0x0000f000,0x0f0f1667,-8796093022208,48,"-8796093022208/2^48","-134217728"
FQ114403,3,0x0000f000,0x0f0f1aab,6597069766656,48,"6597069766656/2^48","100663296"
FQ114404,3,0x0000f000,0x0f0f1eef,-8796093022208,48,"-8796093022208/2^48","-134217728"
FQ114405,3,0x0000f000,0x0f0f1ffe,6597069766656,48,"6597069766656/2^48","100663296"
FQ114406,3,0x0000f000,0x0f0f288a,-8796093022208,48,"-8796093022208/2^48","-134217728"
FQ114407,3,0x0000f000,0x0f0f3330,6597069766656,48,"6597069766656/2^48","100663296"
FQ114408,3,0x0000f000,0x0f0f4440,8796093022208,48,"8796093022208/2^48","134217728"
FQ114409,3,0x0000f000,0x0f0f5550,8796093022208,48,"8796093022208/2^48","134217728"
FQ114410,3,0x0000f000,0x0f0f5772,-6597069766656,48,"-6597069766656/2^48","-100663296"
FQ114411,3,0x0000f000,0x0f0f5aaf,6597069766656,48,"6597069766656/2^48","100663296"
FQ114412,3,0x0000f000,0x0f0f5ffa,10995116277760,48,"10995116277760/2^48","167772160"
FQ114413,3,0x0000f000,0x0f0f6117,-8796093022208,48,"-8796093022208/2^48","-134217728"
FQ114414,3,0x0000f000,0x0f0f6660,6597069766656,48,"6597069766656/2^48","100663296"
FQ114415,3,0x0000f000,0x0f0f7552,-6597069766656,48,"-6597069766656/2^48","-100663296"
FQ114416,3,0x0000f000,0x0f0f7770,6597069766656,48,"6597069766656/2^48","100663296"
FQ114417,3,0x0000f000,0x0f0f822a,-8796093022208,48,"-8796093022208/2^48","-134217728"
FQ114418,3,0x0000f000,0x0f0f8aa2,8796093022208,48,"8796093022208/2^48","134217728"
FQ114419,3,0x0000f000,0x0f0f8ff7,13194139533312,48,"13194139533312/2^48","201326592"
FQ114420,3,0x0000f000,0x0f0fa11b,6597069766656,48,"6597069766656/2^48","100663296"
FQ114421,3,0x0000f000,0x0f0fa55f,6597069766656,48,"6597069766656/2^48","100663296"
FQ114422,3,0x0000f000,0x0f0fa882,8796093022208,48,"8796093022208/2^48","134217728"
FQ114423,3,0x0000f000,0x0f0fbbb0,6597069766656,48,"6597069766656/2^48","100663296"
FQ114424,3,0x0000f000,0x0f0fccc0,8796093022208,48,"8796093022208/2^48","134217728"
FQ114425,3,0x0000f000,0x0f0fdff2,-6597069766656,48,"-6597069766656/2^48","-100663296"
FQ114426,3,0x0000f000,0x0f0fe11f,-8796093022208,48,"-8796093022208/2^48","-134217728"
FQ114427,3,0x0000f000,0x0f0feee0,6597069766656,48,"6597069766656/2^48","100663296"
FQ114428,3,0x0000f000,0x0f0ff11e,6597069766656,48,"6597069766656/2^48","100663296"
FQ114429,3,0x0000f000,0x0f0ff55a,10995116277760,48,"10995116277760/2^48","167772160"
FQ114430,3,0x0000f000,0x0f0ff887,13194139533312,48,"13194139533312/2^48","201326592"
FQ114431,3,0x0000f000,0x0f0ffdd2,-6597069766656,48,"-6597069766656/2^48","-100663296"
